-9476943  5669038  6457813  7875018  -6301064  -6257675  6676843  
1701735  274497  -6782608  -2467784  -2914633  -1739362  -1185273  
-5371082  413716  -5042548  -2292804  9831605  -5351412  -6699007  
6641827  -2621344  -8614044  -1850187  295458  1925957  8687739  
-9548829  -3156534  3545901  9961338  6018686  9184413  -6286368  
1231396  -8964229  3869686  7174239  8615625  
5078385  6803734  -7504957  9858139  -4825996  
-9085155  
423438  
6306236  
-5591347  
4925907  
2203238  
-1372958  
