-0.9476943  0.5669038  0.6457813  0.7875018  -0.6301064  -0.6257675  0.6676843  
0.1701735  0.274497  -0.6782608  -0.2467784  -0.2914633  -0.1739362  -0.1185273  
-0.05371082  0.413716  -0.5042548  -0.2292804  0.9831605  -0.05351412  -0.6699007  
0.6641827  -0.2621344  -0.8614044  -0.1850187  0.295458  0.01925957  0.8687739  
-0.9548829  -0.385455  0.3545901  0.9961338  0.6974239  0.9184413  -0.6286368  
0.01231396  -0.8964229  0.3869686  0.7174239  0.8615625  
0.5078385  0.6803734  -0.7504957  0.9858139  -0.4825996  
-0.9085155  
0.423438  
0.6306236  
-0.5591347  
0.04925907  
0.02203238  
-0.1372958  