-0.9078615  -0.4417018  -0.2156152  0.4668584  -0.8652089  -0.1447223  -0.4374186  
0.6372249  -0.6585705  -0.9797411  -0.5646062  -0.2891618  0.2429231  -0.6911266  
-0.3783578  0.283652  -0.9950495  0.03023684  0.7485926  -0.5121813  0.6923866  
0.8135042  0.8698642  -0.9516788  0.2811911  -0.9288716  -0.3551618  0.3680496  
-0.7813816  0.5435352  -0.576705  -0.7516305  0.8520858  -0.7637033  0.8178496  
-0.5361223  0.1579503  0.3137791  0.1271676  0.9292486  
0.9447434  0.840286  0.5079834  0.4072468  -0.5672736  
0.7879765  
-0.2907096  
0.1424628  
-0.2739426  
-0.2943441  
0.4832463  
-0.4409939  
